for OOT

the correct biggest quiver icon fix

1.0 U
92FEF2

debug
BD04A0

replace 4A by 4B

his project is called
poor man´s "translated" inventory editor

Debug
BFE3D0 - BFE4A1

1.0 U
BCBF60 - BCC031

25 73 00 00 52 55 50 53 00 00 00 00 00 00 00 00 25 73 00 00 4C 49 46 45 00 00 00 00 25 73 00 00 2F 34 00 00 25 73 00 00 49 54 45 4D 53 00 00 00 00 00 00 00 25 73 00 00 4B 45 59 00 25 73 00 00 55 50 47 52 44 53 00 00 00 00 00 00 25 73 00 00 53 57 52 44 00 00 00 00 25 73 00 00 53 48 00 00 00 00 00 00 25 73 00 00 4D 41 50 00 25 73 00 00 8D 53 45 41 4C 53 00 00 00 00 00 00 25 73 00 00 8D 53 54 4F 4E 45 53 00 00 00 00 00 B7 00 00 00 25 73 00 00 53 4F 4E 47 53 00 00 00 00 00 00 00 25 73 00 00 4F 42 4A 43 54 53 00 00 00 00 00 00 25 73 00 00 47 53 4B 4C 00 00 00 00 00 00 00 00 25 73 00 00 48 54 50 00 00 00 00 00 25 73 00 00 2F 34