41 73 20 74 68 61 6E 6B 73 2C 20 49 20 67 72 61 6E 74 20 79 6F 75 20 70 72 6F 77 65 73 73 11 77 69 74 68 20 74 68 69 73 20 6E 65 77 20 01 73 77 6F 72 64 20 74 65 63 68 6E 69 71 75 65 00 21 BF 00 00 00 00 FE FF FF FF FF FF FF FF FF 4F 68 2C 20 73 74 72 6F 6E 67 20 79 6F 75 6E 67 20 6F 6E 65 21 11 49 20 61 6D 20 74 68 65 20 01 47 72 65 61 74 20 46 61 69 72 79 20 6F 66 20 50 6F 77 65 72 00 2E 11 13 12 54 68 61 6E 6B 20 79 6F 75 20 66 6F 72 20 72 65 74 75 72 6E 69 6E 67 20 6D 79 20 62 72 6F 6B 65 6E 11 61 6E 64 20 73 68 61 74 74 65 72 65 64 20 62 6F 64 79 20 74 6F 20 6E 6F 72 6D 61 6C 2E 11 13 41 73 20 74 68 61 6E 6B 73 2C 20 49 20 73 68 61 6C 6C 20 65 61 73 65 20 79 6F 75 72 10 77 65 61 72 69 6E 65 73 73 2E BF

Gamecube
54 68 61 6E 6B 20 79 6F 75 20 66 6F 72 20 72 65 74 75 72 6E 69 6E 67 20 6D 79 20 62 72 6F 6B 65 6E 11 61 6E 64 20 73 68 61 74 74 65 72 65 64 20 62 6F 64 79 20 74 6F 20 6E 6F 72 6D 61 6C 2E 11 13 12 41 73 20 74 68 61 6E 6B 73 2C 20 49 20 73 68 61 6C 6C 20 65 61 73 65 20 79 6F 75 72 11 77 65 61 72 69 6E 65 73 73 2E BF

N64
AE2E0C
54 68 61 6E 6B 20 79 6F 75 20 66 6F 72 20 72 65 74 75 72 6E 69 6E 67 20 6D 79 20 62 72 6F 6B 65 6E 11 61 6E 64 20 73 68 61 74 74 65 72 65 64 20 62 6F 64 79 20 74 6F 20 6E 6F 72 6D 61 6C 2E 11 13 41 73 20 74 68 61 6E 6B 73 2C 20 49 20 73 68 61 6C 6C 20 65 61 73 65 20 79 6F 75 72 10 77 65 61 72 69 6E 65 73 73 2E BF

Pal Prototype
AC1E10


