MQ Debug

2DC4000

2DC5000

27D6000
2801000
HF
18 00 00 00 03 00 00 50 16 00 00 00 00 00 00 07 08 00 00 00 00 00 00 00 12 00 00 00 00 00 00 00 10 00 00 00 FF FF 0A 00 05 00 00 00 50 50 50 00 0A 00 00 00 03 00 05 20 0B 07 00 00 03 00 00 80 01 49 00 00 03 00 00 90 14


16 00 00 00 00 00 00 05 08 00 00 00 00 00 00 04 12 00 00 00 00 01 00 00 10 00 00 00 FF FF 00 00 0A 00 00 00 03 00 00 60 0B 01 00 00 03 00 00 40 01 01 00 00 03 00 00 44 14 00 00 00 00 00 00 00


01 01 00 00 03 00 00 80 03 00 03 60 00 00 00 00 00 00 00 00 01 40 00 F0 00 02 00 00 00 00 00 00 03 00 03 38 00 00 00 00 00 00 00 00 00 00 00 00