2016FC0= stage 4 of Kakariko

2017019 DE02

201701E C000

2016FE7- 20
2016FE8 0B09

2016FE9- 09- controls object list

2016FEE 1000


201769E 16B0

2017014

201701A

2017016-2017019 04 74 03 DE

2017014 0102

16 00 00 00 00 00 00 0A 08 00 00 00 00 00 00 00 12 00 00 00 00 00 00 00 10 00 00 00 06 20 00 00 0A 00 00 00 03 00 04 20 0B 0C 00 00 03 00 16 B0

01 09 00 00 03 00 16 C8 14 00 00 00 00 00 00 00 00 F9 00 97 00 C5 01 05 01 07 01 08 01 0D 01 0C 00 7C 00 13 00 EC 01 7A 01 03 03 1F 00 50 01 F7

16 00 00 00 00 00 00 0A 08 00 00 00 00 00 00 00 12 00 00 00 00 00 00 00 10 00 00 00 FF FF 00 00 0A 00 00 00 03 00 04 20 0B 0D 00 00 03 00 16 B0

01 1F 00 00 03 00 10 14 14 00 00 00 00 00 00 00 00 F9 00 7C 00 13 00 8A 00 B1 00 2C 01 7A 01 80 01 70 01 81 01 02 04 74 03 DE 02 0C 00 00 C0 00

2017239-08